23
62
88
26
55
11
26
55
35
65
22
68
14
59
67
58
88
47
67
93
77
62
55
87
89
33
88
42
71
11
12
15
33
19
55
58
33
36
59
77
44
77
86
22
88
66
53
22
22
16
73
55
89
27
77
95
77
55
11
62
25
89
77
93
83
88
53
99
49
11
95
99
38
38
19
16
28
37
66
99
88
74
47
59
41
47
19
81
43
75
73
99
94
99
11
75
46
44
77
77
37
55
59
11
93
76
36
62
77
55
13
81
28
38
91
12
66
36
41
22
35
55
99
79
36
11
11
65
34
99
64
99
22
82
87
28
81
99
88
56
45
11
71
25
28
38
15
88
48
25
56
18
71
66
77
22
55
88
99
27
33
58
45
88
35
33
41
51
66
11
17
76
77
22
33
11
55
64
22
79
14
84
66
88
39
55
16
65
79
66
43
48
44
47
73
11
54
44
16
32
82
46
17
19
27
55
18
22
26
52
33
73
11
12
84
55
53
79
55
39
55
93
66
55
52
21
96
94
86
57
92
66
88
87
33
86
66
33
99
45
49
68
66
14
52
66
53
96
52
71
25
37
79
94
94
88
71
22
66
77
99
77
43
22
88
93
39
36
77
35
47
73
12
68
35
86
63
55
13
45
66
88
46
97
66
67
12
22
98
55
51
83
86
93
71
88
88
11
37
77
55
23
54
41
44
88
11
99
14
39
64
11
32
77
88
67
44
58
24
99
98
81
55
16
77
76
19
66
21
31
44
88
77
79
33
33
63
91
55
55
55
22
77
22
73
46
29
98
11
56
31
77
66
94
21
45
85
92
61
23
99
96
33
99
22
54
77
88
75
44
62
32
43
44
66
88
33
15
51
66
44
23
21
77
35
77
46
72
28
66
44
71
78
66
88
44
41
64
32
22
99
42
92
56
78
24
77
46
29
86
28
22
52
55
99
77
66
37
18
66
55
11
11
44
99
51
99
52
99
91
99
55
82
54
46
71
77
51
66
62
32
77
88
44
34
21
48
44
53
67
22
18
49
33
44
72
99
77
49
14
14
47
44
47
42
48
56
63
14
86
21
63
95
82
57
55
41
88
44
46
98
94
94
78
11
44
24
83
72
55
54
91
47
16
97
66
22
67
64
93
21
63
66
18
23
37
24
99
43
11
33
24
66
87
87
96
96
56
55
27
41
44
39
99
73
55
71
55
74
94
36
55
44
23
47
33
44
11
22
65
66
77
66
42
17
33
56
77
19
44
89
29
63
21
44
11
37
44
56
81
96
11
89
57
55
79
46
49
79
22
27
12
66
34
37
11
77
74
44
42
55
35
44
31
92
33
68
47
79
42
94
99
22
39
55
71
31
33
22
55
77
11
22
55
88
59
15
16
29
72
11
23
56
73
39
99
89
99
99
32
55
36
66
79
39
99
22
74
19
66
11
55
29
44
14
66
77
77
31
54
88
88
49
89
51
89
55
33
11
66
22
66
24
22
94
82
33
87
65
88
88
57
66
99
32
37
44
52
11
61
12
88
66
25
79
88
85
29
77
22
59
56
17
44
69
14
65
83
44
22
62
11
22
18
44
33
33
77
33
34
75
51
26
66
16
22
46
66
99
14
99
23
33
77
55
11
33
87
71
17
66
77
77
28
88
99
56
46
39
87
17
19
87
72
85
66
88
26
79
99
21
16
53
11
66
18
38
55
53
73
89
99
78
99
91
77
38
77
99
22
99
11
62
29
85
32
41
55
23
66
55
75
87
31
66
11
66
32
99
43
88
27
57
25
89
66
83
15
14
28
11
75
77
44
89
59
55
55
39
13
88
83
29
41
47
96
12
28
32
79
62
44
88
74
97
32
76
56
99
19
44
43
22
35
68
97
77
77
77
37
32
28
11
61
98
69
55
77
44
94
22
46
77
68
42
23
66
11
99
88
84
97
79
11
73
76
85
88
62
63
97
71
93
65
11
99
77
11
79
59
41
66
62
66
43
24
32
62
22
81
99
11
66
55
38
11
96
45
16
53
47
84
44
29
26
46
33
22
22
22
44
68
62
66
19
48
43
88
85
77
51
68
22
39
88
76
13
25
81
23
99
87
33
77
48
22
11
99
44
11
69
96
33
14
88
41
99
27
62
57
57
75
13
11
73
29
16
52
88
47
51
95
88
55
11
77
18
21
11
22
84
55
77
17
11
22
44
34
94
68
62
97
99
99
33
77
11
17
17
65
43
66
45
44
77
22
77
57
31
99
88
53
99
17
33
44
92
66
61
55
